4 4 30 0 0.1402012174722982 desert
1 0 0.15251129202975477 plain
2 0 0.5829981712706997 hills
3 0 0.1974369999304243 forest
4 0 0.06269161434036652 jungle
5 0 0.6671436849312411 forest
6 0 0.17421792247742374 plain
7 0 0.42954000899443534 hills
0 1 0.6992671830966716 mountains
1 1 0.2520728324960225 forest
2 1 0.805367186083388 hills
3 1 0.17467807701768123 plain
4 1 0.9901813313874938 jungle
5 1 0.21804283915227995 jungle
6 1 0.5215226732585099 plain
7 1 0.3720404016085538 tundra
0 2 0.39587019743172647 plain
1 2 0.5104313201328805 mountains
2 2 0.7091358003006402 mountains
3 2 0.4897154671672944 forest
4 2 0.18520862758037016 swamp
5 2 0.728286609963954 forest
6 2 0.5345862398571609 jungle
7 2 0.16989234450606983 plain
0 3 0.9728548655795831 arctic
1 3 0.43936008398595816 hills
2 3 0.27795144905068214 plain
3 3 0.5617342145680101 forest
4 3 0.7507631953605187 hills
5 3 0.7445787055458181 tundra
6 3 0.6587672298676083 tundra
7 3 0.18386444360708987 mountains
0 4 0.15439490314310333 desert
1 4 0.2515404105996871 arctic
2 4 0.14812974456235117 plain
3 4 0.880614535277384 jungle
4 4 0.5673484986088543 mountains
5 4 0.47940124062965117 tundra
6 4 0.4734882098029025 tundra
7 4 0.9897647577730359 tundra
0 5 0.4078036539534442 tundra
1 5 0.3419763117793918 plain
2 5 0.21348247909275753 swamp
3 5 0.32452820353725376 mountains
4 5 0.4966865223558239 tundra
5 5 0.7753396513802195 desert
6 5 0.20380184897028386 jungle
7 5 0.3156662148960496 plain
0 6 0.14675039754963726 desert
1 6 0.6639405647633276 forest
2 6 0.14030167232369473 desert
3 6 0.21581632924278793 hills
4 6 0.21432895951276276 swamp
5 6 0.9014389748869232 plain
6 6 0.8296133900060422 tundra
7 6 0.15491314626446095 plain
0 7 0.8758833777327673 plain
1 7 0.49945209185989525 jungle
2 7 0.29249996870060413 arctic
3 7 0.6151481912889876 desert
4 7 0.1711744546448546 desert
5 7 0.6815911877925228 plain
6 7 0.2925592598053517 swamp
7 7 0.5549091403699947 hills
8 0 0.3194041188718001 plain
9 0 0.20738657859874077 mountains
10 0 0.045557369299233264 mountains
11 0 0.35398151044972714 jungle
12 0 0.14545594212699442 swamp
13 0 0.16392502395910724 forest
14 0 0.7641345844960175 arctic
15 0 0.0425043708798275 mountains
8 1 0.5052183256922681 plain
9 1 0.031005675425642143 desert
10 1 0.311274437082936 forest
11 1 0.008066452935801993 arctic
12 1 0.6710744296105661 jungle
13 1 0.8861209078974929 tundra
14 1 0.11017995556708571 jungle
15 1 0.5712358439501084 desert
8 2 0.28700740866160124 desert
9 2 0.12944619474608055 plain
10 2 0.05458194100487013 plain
11 2 0.2240187196120258 forest
12 2 0.8287140050132938 jungle
13 2 0.1497638394538653 swamp
14 2 0.18359749126632163 jungle
15 2 0.9963271853309107 jungle
8 3 0.7816933488218005 jungle
9 3 0.7806537475275611 plain
10 3 0.026938202068820805 forest
11 3 0.6126273041139606 desert
12 3 0.8922204368818722 mountains
13 3 0.5266628827973113 swamp
14 3 0.6650278510790725 desert
15 3 0.18847884064690534 tundra
8 4 0.13112925782688822 forest
9 4 0.6288794440816013 forest
10 4 0.06163083161845939 tundra
11 4 0.11946785609036581 swamp
12 4 0.7682007209577627 hills
13 4 0.9526399499048915 plain
14 4 0.36681810991779273 desert
15 4 0.5176638259541677 desert
8 5 0.35863636615870154 hills
9 5 0.31160264360824963 forest
10 5 0.01551865108578121 forest
11 5 0.32394444673920064 swamp
12 5 0.8413294733687424 arctic
13 5 0.8217377314509375 swamp
14 5 0.2533770234763274 tundra
15 5 0.881173462281316 plain
8 6 0.04194703765064578 forest
9 6 0.8559847582210722 mountains
10 6 0.9959299970723552 arctic
11 6 0.35161252246888475 hills
12 6 0.8235616248685725 jungle
13 6 0.7874586700696224 arctic
14 6 0.4341866183810382 plain
15 6 0.7824441297265189 desert
8 7 0.30255417539785556 desert
9 7 0.3448543275194438 hills
10 7 0.37271703178377424 plain
11 7 0.8997831584435229 hills
12 7 0.10725125966259208 hills
13 7 0.7710351622553204 arctic
14 7 0.6294696973568434 plain
15 7 0.9606655402992748 hills
16 0 0.07158506965782174 mountains
17 0 0.9560378043307666 mountains
18 0 0.8916430686812775 forest
19 0 0.23283575689425484 tundra
20 0 0.7310191704317446 jungle
21 0 0.1934137983535923 tundra
22 0 0.7369780473261065 forest
23 0 0.4567506724398982 tundra
16 1 0.14679058693778846 swamp
17 1 0.9119913637373623 jungle
18 1 0.91335949677096 tundra
19 1 0.7084054814416916 forest
20 1 0.22835128288064632 arctic
21 1 0.4152505124350935 mountains
22 1 0.3901562801454074 tundra
23 1 0.375283297395687 forest
16 2 0.851550624040917 forest
17 2 0.8561764908365477 jungle
18 2 0.6324801021814386 hills
19 2 0.07486594468926966 arctic
20 2 0.6720196575773884 plain
21 2 0.3319086173768566 mountains
22 2 0.33965718180738413 hills
23 2 0.9032100869737831 arctic
16 3 0.8868922300239063 plain
17 3 0.9473330447605832 plain
18 3 0.3441739499455091 hills
19 3 0.8752240356736899 mountains
20 3 0.3527706024118671 mountains
21 3 0.5552236127045995 desert
22 3 0.6376853509360773 forest
23 3 0.9221837907186238 plain
16 4 0.10465100040311637 hills
17 4 0.5177499170875101 jungle
18 4 0.7786727161688647 forest
19 4 0.7584448639006627 plain
20 4 0.08085338009648224 swamp
21 4 0.7097179259934624 plain
22 4 0.7453353906150954 plain
23 4 0.9442866621466881 forest
16 5 0.802484483238877 tundra
17 5 0.06444526910147341 hills
18 5 0.9736768035304219 swamp
19 5 0.228688860794943 mountains
20 5 0.5166780506583373 desert
21 5 0.37544156686488994 desert
22 5 0.15548616436998897 forest
23 5 0.19964641627880508 arctic
16 6 0.21029202689762294 tundra
17 6 0.8848783506620902 jungle
18 6 0.8069174528226205 hills
19 6 0.8828300003577508 tundra
20 6 0.8803797323262033 forest
21 6 0.6128439332528508 swamp
22 6 0.36335140488714557 desert
23 6 0.6498334656360063 hills
16 7 0.6680404957971515 tundra
17 7 0.8571923120869932 arctic
18 7 0.6888753497206015 arctic
19 7 0.6362554296042219 swamp
20 7 0.5402890200419251 forest
21 7 0.569676836994619 plain
22 7 0.6846864743035299 plain
23 7 0.42703938254486185 mountains
24 0 0.36034781253993586 arctic
25 0 0.8878512316665579 tundra
26 0 0.4458173431411582 arctic
27 0 0.2660086201788514 jungle
28 0 0.13937214233016004 hills
29 0 0.6629821418132816 desert
30 0 0.8962229558906254 desert
31 0 0.0026598915943799595 hills
24 1 0.49232084547197874 tundra
25 1 0.2227448090466353 hills
26 1 0.23535414312483238 arctic
27 1 0.6375072686111636 hills
28 1 0.9773308398322975 hills
29 1 0.9455830398068441 jungle
30 1 0.9616452051308362 swamp
31 1 0.9984226896375301 forest
24 2 0.7054591271683495 arctic
25 2 0.1710953879421634 arctic
26 2 0.7926549799907251 hills
27 2 0.34673132871557244 hills
28 2 0.7472705413121373 hills
29 2 0.06056908220174584 mountains
30 2 0.37946511466614763 forest
31 2 0.5777088494448933 jungle
24 3 0.920764781891177 mountains
25 3 0.027012949080228443 hills
26 3 0.3766035554239133 mountains
27 3 0.7548442611485321 mountains
28 3 0.7191547201460693 desert
29 3 0.7824505234373222 jungle
30 3 0.5208293270383558 jungle
31 3 0.5050544832785854 plain
24 4 0.879138721049321 tundra
25 4 0.6369329613031786 hills
26 4 0.7318893341586071 swamp
27 4 0.5994068493111517 desert
28 4 0.18662301893196087 jungle
29 4 0.5522254815253405 arctic
30 4 0.6209366799553985 mountains
31 4 0.7706934461373253 tundra
24 5 0.21862069765353098 mountains
25 5 0.9738046257570859 forest
26 5 0.48582761262083085 arctic
27 5 0.6625596679125684 mountains
28 5 0.12675068982796056 arctic
29 5 0.9876034245848677 swamp
30 5 0.0982213071498369 forest
31 5 0.7064936592379271 arctic
24 6 0.11803554726704923 swamp
25 6 0.23081031984699885 swamp
26 6 0.5803358201670162 desert
27 6 0.8024866167239958 plain
28 6 0.6137145110280626 plain
29 6 0.8502598003332528 jungle
30 6 0.5961924328379207 plain
31 6 0.9026745685366611 arctic
24 7 0.007045667605718675 jungle
25 7 0.9346163825200124 mountains
26 7 0.23906609017140612 plain
27 7 0.8481598547995781 hills
28 7 0.48636469508669755 swamp
29 7 0.9701218755884433 plain
30 7 0.24793006256711303 jungle
31 7 0.4253059841596454 jungle
0 8 0.7768586804768204 arctic
1 8 0.12428437407622417 mountains
2 8 0.5669072580542223 tundra
3 8 0.3539615216754084 plain
4 8 0.18389226986414386 mountains
5 8 0.4549540138408801 arctic
6 8 0.3005419624081105 desert
7 8 0.5816861938049758 mountains
0 9 0.23577563919903777 swamp
1 9 0.867505368124705 jungle
2 9 0.638723631263622 arctic
3 9 0.30518383058717435 tundra
4 9 0.15425206736879826 swamp
5 9 0.36840085016642066 plain
6 9 0.2299213059948514 arctic
7 9 0.9602549133803722 tundra
0 10 0.8120183874101621 jungle
1 10 0.06554844251973102 swamp
2 10 0.11712838038800177 desert
3 10 0.39223521203653466 forest
4 10 0.41735999489313413 jungle
5 10 0.5010018942817105 arctic
6 10 0.6253617628270459 arctic
7 10 0.8907362984558981 jungle
0 11 0.14850353639283598 mountains
1 11 0.410814757447742 swamp
2 11 0.111045467950319 arctic
3 11 0.8363121755795503 swamp
4 11 0.21880103681550322 mountains
5 11 0.32053667292881816 arctic
6 11 0.7973361632974785 mountains
7 11 0.5402744254793435 hills
0 12 0.3233344323935695 swamp
1 12 0.19480678293676734 mountains
2 12 0.7050652046024456 tundra
3 12 0.1419529436921636 jungle
4 12 0.820687608572298 forest
5 12 0.9720377120241445 arctic
6 12 0.017285597430820365 arctic
7 12 0.7107305786275128 forest
0 13 0.1428612557207969 tundra
1 13 0.9457930521830163 mountains
2 13 0.8455219787096535 arctic
3 13 0.3208837156167518 mountains
4 13 0.7366143422240122 jungle
5 13 0.8983655488623934 plain
6 13 0.8104355312849841 swamp
7 13 0.18215867008658138 forest
0 14 0.8761477440599845 arctic
1 14 0.9610042915955445 swamp
2 14 0.1367285221421688 plain
3 14 0.8541465458796761 plain
4 14 0.5955192047343869 jungle
5 14 0.29281481090820494 mountains
6 14 0.8462683096166129 desert
7 14 0.23206174880619213 forest
0 15 0.9308438471017965 arctic
1 15 0.23336063698635634 desert
2 15 0.04736624288721725 forest
3 15 0.8925081594769924 desert
4 15 0.13445086700625664 jungle
5 15 0.8837517858585414 swamp
6 15 0.9266517244357368 swamp
7 15 0.8304298435964533 hills
8 8 0.6114668774927331 jungle
9 8 0.35222347546685073 jungle
10 8 0.07546654310504619 swamp
11 8 0.8764086492649987 plain
12 8 0.12217679998491482 jungle
13 8 0.6767311453629459 arctic
14 8 0.6085140417191296 forest
15 8 0.07117013462618849 mountains
8 9 0.9113721861236709 hills
9 9 0.6483353695955986 swamp
10 9 0.6758668245349911 desert
11 9 0.15224910151581017 jungle
12 9 0.19647237996503486 arctic
13 9 0.3141748089379547 desert
14 9 0.10065249907825369 mountains
15 9 0.9166036397736513 mountains
8 10 0.5552033547200532 plain
9 10 0.674243241331466 plain
10 10 0.7552308957499672 hills
11 10 0.926320557153868 plain
12 10 0.42146552054255126 forest
13 10 0.027722646442840948 plain
14 10 0.678899440544373 desert
15 10 0.7288771234635487 forest
8 11 0.5611140743499913 arctic
9 11 0.28592034904011676 desert
10 11 0.05717595203821568 mountains
11 11 0.20462419327384263 mountains
12 11 0.020420978770141485 hills
13 11 0.5328547207202621 swamp
14 11 0.1162436246855052 forest
15 11 0.00190003059193522 swamp
8 12 0.6838592032631748 desert
9 12 0.2679014425888153 tundra
10 12 0.9254590202530831 forest
11 12 0.8921568143018956 plain
12 12 0.7211909428681361 tundra
13 12 0.459601105939888 mountains
14 12 0.7145970137534035 swamp
15 12 0.3750945969314494 forest
8 13 0.8025815450934267 plain
9 13 0.1164553047403506 plain
10 13 0.5269689479449908 mountains
11 13 0.998202629173215 plain
12 13 0.6327714165685046 swamp
13 13 0.10299976679929546 tundra
14 13 0.10640008606962936 desert
15 13 0.06769158786340301 plain
8 14 0.12500498119476 jungle
9 14 0.5922886599518117 tundra
10 14 0.35987455430879833 mountains
11 14 0.45490620173364604 plain
12 14 0.1257648449023132 arctic
13 14 0.880585465196974 plain
14 14 0.02888329439453563 tundra
15 14 0.36380711627038576 swamp
8 15 0.708033904956879 jungle
9 15 0.5427812047090564 hills
10 15 0.5469291143099138 jungle
11 15 0.04912674572877096 forest
12 15 0.21674901868356156 swamp
13 15 0.9969101190605397 tundra
14 15 0.5709848118401905 plain
15 15 0.648300830162028 jungle
16 8 0.9949965321378353 hills
17 8 0.864988478434131 plain
18 8 0.9156553617018083 hills
19 8 0.4369462927140493 arctic
20 8 0.980308777663107 hills
21 8 0.6699288754059892 jungle
22 8 0.42165134312249564 swamp
23 8 0.19903659520287775 hills
16 9 0.5503650283436644 plain
17 9 0.36663166150072746 plain
18 9 0.182017516874725 jungle
19 9 0.9678397116424147 arctic
20 9 0.6461969983832728 hills
21 9 0.88479097747757 swamp
22 9 0.8763299591190206 arctic
23 9 0.9599193696580216 desert
16 10 0.485333743157891 arctic
17 10 0.6090868895185133 forest
18 10 0.7545642470684913 jungle
19 10 0.8374721690603671 forest
20 10 0.1707560686456281 tundra
21 10 0.5856532662531886 swamp
22 10 0.71190579016753 jungle
23 10 0.7466260851529538 swamp
16 11 0.6865242774601161 arctic
17 11 0.9862873384783901 plain
18 11 0.8050839920409413 arctic
19 11 0.7589040477554928 swamp
20 11 0.47792821948358744 mountains
21 11 0.47913312563169697 swamp
22 11 0.16149347393708124 swamp
23 11 0.7812425718659693 desert
16 12 0.9108492235403016 arctic
17 12 0.04203344273278786 arctic
18 12 0.404050829528941 hills
19 12 0.21692542335041853 desert
20 12 0.26579720254096817 jungle
21 12 0.1241344790427591 desert
22 12 0.584627058741649 hills
23 12 0.5390869506329027 arctic
16 13 0.6117755548849333 plain
17 13 0.6174233711402285 mountains
18 13 0.6742805707252782 swamp
19 13 0.12354314759205798 jungle
20 13 0.3684963472340449 desert
21 13 0.5309384215576527 hills
22 13 0.8714040979380326 mountains
23 13 0.2425755052634193 swamp
16 14 0.9569943831352056 desert
17 14 0.6428147271910649 swamp
18 14 0.6047429412024958 tundra
19 14 0.9617491700575308 desert
20 14 0.49702264887817593 forest
21 14 0.3423250638740529 plain
22 14 0.1942863503800243 jungle
23 14 0.28086998233246596 mountains
16 15 0.5374968363480681 plain
17 15 0.07431733155336473 desert
18 15 0.024530152757470947 arctic
19 15 0.9175700461226949 plain
20 15 0.858957267758612 arctic
21 15 0.09672652111957225 plain
22 15 0.6075564387283278 jungle
23 15 0.05530602787423433 desert
24 8 0.8426097591393389 jungle
25 8 0.5781550397104843 tundra
26 8 0.9696940488082074 swamp
27 8 0.8573659339983695 plain
28 8 0.7697032137754388 arctic
29 8 0.6266859422448332 jungle
30 8 0.6632371888502654 swamp
31 8 0.8345880995765895 arctic
24 9 0.4518478192436899 plain
25 9 0.2729376860142303 plain
26 9 0.10136397799068397 swamp
27 9 0.2380130647522165 tundra
28 9 0.35026829360266853 mountains
29 9 0.8873655991499957 jungle
30 9 0.13844816140915328 swamp
31 9 0.503912757573118 desert
24 10 0.4413123824526418 swamp
25 10 0.9208993661295101 mountains
26 10 0.3572900022899028 arctic
27 10 0.23271992386147533 tundra
28 10 0.4054252086560711 mountains
29 10 0.4028715196642362 mountains
30 10 0.5888931400709876 jungle
31 10 0.7397059555710905 jungle
24 11 0.17266598445861026 jungle
25 11 0.4057744635153808 hills
26 11 0.9625137841208714 forest
27 11 0.26668529651340656 desert
28 11 0.08656325900924677 mountains
29 11 0.15962229512103032 arctic
30 11 0.7040190997044775 forest
31 11 0.202051672253308 tundra
24 12 0.3047649914223878 forest
25 12 0.3040036931249688 mountains
26 12 0.7868182280071668 tundra
27 12 0.6588394391423394 mountains
28 12 0.9561991060557975 desert
29 12 0.6891864808482197 tundra
30 12 0.8251668880065467 mountains
31 12 0.12609690373389348 desert
24 13 0.40214945931622437 hills
25 13 0.6151723907630767 arctic
26 13 0.022797633508310988 arctic
27 13 0.19627629141367564 arctic
28 13 0.6789862338028884 desert
29 13 0.23475610552028336 hills
30 13 0.04600446279957193 desert
31 13 0.8442378571202851 arctic
24 14 0.1099394479832515 tundra
25 14 0.011979912803612547 plain
26 14 0.8990840062372498 swamp
27 14 0.07196708122411544 hills
28 14 0.4666307819934423 hills
29 14 0.37465130856556095 jungle
30 14 0.035616703719915654 plain
31 14 0.10908756223716087 mountains
24 15 0.3951375440440906 mountains
25 15 0.10974043683948398 tundra
26 15 0.9287295344185166 mountains
27 15 0.6857553897733324 mountains
28 15 0.7767135349901323 forest
29 15 0.6028561130790059 desert
30 15 0.08425106069027377 jungle
31 15 0.7172246705442981 hills
0 16 0.9704649159803441 hills
1 16 0.2727302264785847 swamp
2 16 0.02703184054839758 mountains
3 16 0.195150188016061 hills
4 16 0.8202422119153866 mountains
5 16 0.551283058292735 jungle
6 16 0.57162402942921 desert
7 16 0.010559088413772733 swamp
0 17 0.9730768985302986 desert
1 17 0.3217189540659109 hills
2 17 0.03294022708412614 hills
3 17 0.306640536240415 desert
4 17 0.6000902272114593 forest
5 17 0.27595542897703207 swamp
6 17 0.7028350202733146 plain
7 17 0.9156520627803031 plain
0 18 0.7313879501447984 arctic
1 18 0.4659915551865793 desert
2 18 0.9667836112241187 forest
3 18 0.47218619931284933 forest
4 18 0.2810420672193743 swamp
5 18 0.9194872583846674 tundra
6 18 0.9246434416058555 jungle
7 18 0.021199339886417534 plain
0 19 0.29424618456267027 jungle
1 19 0.13912388275097443 desert
2 19 0.521746917927267 forest
3 19 0.7911670465689944 arctic
4 19 0.03838736529724862 tundra
5 19 0.3375307501437286 arctic
6 19 0.9028707132071634 mountains
7 19 0.033142428640731136 forest
0 20 0.8495438253552843 tundra
1 20 0.5219864555791482 arctic
2 20 0.939679356616391 plain
3 20 0.10895110073259606 desert
4 20 0.552956893908663 swamp
5 20 0.32446574810751694 desert
6 20 0.34121077422432977 swamp
7 20 0.9618177147868957 plain
0 21 0.5485273930345935 hills
1 21 0.33665925689655396 plain
2 21 0.178422443663674 mountains
3 21 0.14699094751405162 plain
4 21 0.27732726683535247 swamp
5 21 0.8902246670677931 plain
6 21 0.05529633601131956 jungle
7 21 0.8716819598807137 hills
0 22 0.7715143524654527 arctic
1 22 0.5348777456350854 jungle
2 22 0.9892939501355585 forest
3 22 0.3712014618567183 arctic
4 22 0.3309321678180771 hills
5 22 0.36914869867194144 forest
6 22 0.6444211934076699 plain
7 22 0.806818769531703 swamp
0 23 0.3350157958991221 jungle
1 23 0.3810102221004522 arctic
2 23 0.4047284378987731 mountains
3 23 0.09861864966531675 plain
4 23 0.5240795766344538 forest
5 23 0.8608752105876637 forest
6 23 0.26091892973190545 arctic
7 23 0.3922265151968519 tundra
8 16 0.7947587420332825 forest
9 16 0.49375207977183777 mountains
10 16 0.4139310195269601 jungle
11 16 0.967573622819407 jungle
12 16 0.956552250238814 jungle
13 16 0.815094203548221 desert
14 16 0.3929244535685339 plain
15 16 0.4934153135717305 jungle
8 17 0.46786790665925915 swamp
9 17 0.5107573596464938 forest
10 17 0.8533407721731877 hills
11 17 0.4552230361729398 hills
12 17 0.3224347235250795 jungle
13 17 0.43540964910903546 desert
14 17 0.4184339456381204 jungle
15 17 0.29619675287842284 forest
8 18 0.1194657842778426 forest
9 18 0.8299189839692966 mountains
10 18 0.9730540515263147 mountains
11 18 0.08701607609268869 arctic
12 18 0.11417618999929569 jungle
13 18 0.9808937074104334 swamp
14 18 0.4996433696360937 forest
15 18 0.9666968014981279 arctic
8 19 0.23729726946494778 forest
9 19 0.7582848402278153 plain
10 19 0.5303313668568538 desert
11 19 0.15283799102542917 mountains
12 19 0.35406980907373564 tundra
13 19 0.08999434392695427 hills
14 19 0.554623894854103 jungle
15 19 0.16695579940752303 swamp
8 20 0.00737825565666006 forest
9 20 0.34372010957900223 jungle
10 20 0.6508835145439645 forest
11 20 0.6557785870895286 forest
12 20 0.690822319421859 tundra
13 20 0.1162467027044789 jungle
14 20 0.677586805458741 tundra
15 20 0.6007671165315 arctic
8 21 0.23303253116409428 arctic
9 21 0.3143299279180688 arctic
10 21 0.3331137408990843 swamp
11 21 0.4236741212021422 hills
12 21 0.3073604740793766 arctic
13 21 0.5349808593669148 tundra
14 21 0.7217386512931501 jungle
15 21 0.8542228211603999 forest
8 22 0.07033492501363048 swamp
9 22 0.7874131610324709 desert
10 22 0.23751573897940392 arctic
11 22 0.8339301439130865 jungle
12 22 0.8325436424829836 arctic
13 22 0.05706079531008912 tundra
14 22 0.8547927383766342 jungle
15 22 0.2870406212428597 jungle
8 23 0.07996059085381857 forest
9 23 0.2479475844136516 plain
10 23 0.2612282766033174 plain
11 23 0.6516258507389349 plain
12 23 0.7567826912054698 arctic
13 23 0.9496547793473655 arctic
14 23 0.5871368771458892 plain
15 23 0.47467198169671954 swamp
16 16 0.26805625972581026 forest
17 16 0.4748175415243546 mountains
18 16 0.23698162030758274 desert
19 16 0.5003978025566428 forest
20 16 0.15709231248561695 arctic
21 16 0.07341130724437817 tundra
22 16 0.9944309648051267 hills
23 16 0.750602828033867 tundra
16 17 0.979116627055474 swamp
17 17 0.7395335932973635 mountains
18 17 0.8139650250041428 desert
19 17 0.151601974477648 forest
20 17 0.4669636617647417 forest
21 17 0.2196999040348907 jungle
22 17 0.8618297467171767 jungle
23 17 0.5318542442495449 jungle
16 18 0.20008720011099868 arctic
17 18 0.46610227251807057 arctic
18 18 0.050313492595091214 swamp
19 18 0.34142291052811014 hills
20 18 0.49329027906766654 tundra
21 18 0.6602115420014609 jungle
22 18 0.48280142361657863 forest
23 18 0.6673008394679312 arctic
16 19 0.6340435030733241 tundra
17 19 0.4691969056794758 jungle
18 19 0.5784191329061165 swamp
19 19 0.6541463537190775 tundra
20 19 0.7053196849274861 hills
21 19 0.28814237940454746 mountains
22 19 0.8866051822300761 swamp
23 19 0.07688350319812653 forest
16 20 0.8238344704074182 jungle
17 20 0.9396763966841124 tundra
18 20 0.642982769076847 mountains
19 20 0.3615592010868006 hills
20 20 0.851079549605533 jungle
21 20 0.9385747143409399 tundra
22 20 0.19644877652022974 jungle
23 20 0.8065780123024632 arctic
16 21 0.509595894856101 arctic
17 21 0.7482657779600774 desert
18 21 0.535920042816629 plain
19 21 0.9846866582281548 desert
20 21 0.35053575630702904 jungle
21 21 0.6438175800673187 mountains
22 21 0.8148828926325313 jungle
23 21 0.9285111906258107 forest
16 22 0.1776700637919567 swamp
17 22 0.39376782164546553 tundra
18 22 0.6914235455026001 forest
19 22 0.3438104832411244 hills
20 22 0.06765659966943627 hills
21 22 0.4707786863082478 jungle
22 22 0.9568516579627838 desert
23 22 0.3668579745593986 swamp
16 23 0.30093172548836256 arctic
17 23 0.09580595671036429 desert
18 23 0.9411813849019964 forest
19 23 0.5967685063348672 hills
20 23 0.961383201479896 plain
21 23 0.4403673116678283 desert
22 23 0.03039933159764885 forest
23 23 0.14951986882689317 mountains
24 16 0.354337525595419 hills
25 16 0.2554149322969578 plain
26 16 0.19274556626320538 plain
27 16 0.8086330583089065 swamp
28 16 0.765418118575235 jungle
29 16 0.3665856844177585 mountains
30 16 0.8717197618821574 tundra
31 16 0.9337233741931401 desert
24 17 0.08783938476733155 arctic
25 17 0.336174308465067 jungle
26 17 0.15879748466372756 forest
27 17 0.6102976294485121 hills
28 17 0.9941656952389883 tundra
29 17 0.06088464979644337 mountains
30 17 0.4584581266830895 arctic
31 17 0.21746478049819984 desert
24 18 0.14017059638079 tundra
25 18 0.10749401561154681 mountains
26 18 0.5350562317169916 jungle
27 18 0.04999106230903805 forest
28 18 0.8901555693605863 jungle
29 18 0.4802567694548351 mountains
30 18 0.999239214636519 swamp
31 18 0.7472294214483318 tundra
24 19 0.007013565649932496 swamp
25 19 0.540779763909172 arctic
26 19 0.6592057156662027 desert
27 19 0.13061949047464438 plain
28 19 0.46081232068000133 plain
29 19 0.22732584763918395 plain
30 19 0.6795445942876105 forest
31 19 0.24857102491774463 jungle
24 20 0.2085394113914376 desert
25 20 0.6905243974254005 jungle
26 20 0.9226066888571527 tundra
27 20 0.5161544027833619 tundra
28 20 0.7621389817728939 mountains
29 20 0.5785277865396526 mountains
30 20 0.3745914927052343 plain
31 20 0.6214715103238504 jungle
24 21 0.4291478686741049 plain
25 21 0.5809962137479641 hills
26 21 0.7296168359386764 hills
27 21 0.012315001063079811 mountains
28 21 0.6209766246070594 tundra
29 21 0.30683404395418545 swamp
30 21 0.5310161692179619 jungle
31 21 0.8687773502929816 swamp
24 22 0.22361364618477897 tundra
25 22 0.6124584684760872 mountains
26 22 0.4920670946590179 swamp
27 22 0.41053178697098114 jungle
28 22 0.11117014011357595 mountains
29 22 0.9615062637108118 hills
30 22 0.7712134314076814 plain
31 22 0.8254170375636567 tundra
24 23 0.7896388583310057 swamp
25 23 0.9869200571267529 forest
26 23 0.15889412730171848 forest
27 23 0.19519151949746016 arctic
28 23 0.2836401884209093 desert
29 23 0.10488217570593128 tundra
30 23 0.7203325839334757 swamp
31 23 0.1883998135895837 plain
0 24 0.14026567571801662 jungle
1 24 0.4295662872355701 hills
2 24 0.1360737507881432 mountains
3 24 0.3423399253913961 arctic
4 24 0.0108754620003233 arctic
5 24 0.503256569883203 arctic
6 24 0.9771978292251516 desert
7 24 0.6108873593492772 tundra
0 25 0.763155923790029 mountains
1 25 0.897236730756093 forest
2 25 0.3815440196297275 hills
3 25 0.894745490199734 desert
4 25 0.07105347190807754 hills
5 25 0.07730996594000139 desert
6 25 0.25043207890133656 forest
7 25 0.2566176894955876 forest
0 26 0.48557813543525874 swamp
1 26 0.929464483079638 arctic
2 26 0.5443287415350266 desert
3 26 0.14900105658482976 jungle
4 26 0.5207111056896847 tundra
5 26 0.44419862777856567 tundra
6 26 0.9849090884406235 hills
7 26 0.5626995959635053 plain
0 27 0.2681713039150888 jungle
1 27 0.26154696632483 hills
2 27 0.3608581346319404 swamp
3 27 0.1588417629752994 plain
4 27 0.25195209213293057 jungle
5 27 0.3142444134457971 tundra
6 27 0.6920332335998821 desert
7 27 0.506293818142839 plain
0 28 0.16447588111508893 hills
1 28 0.7742696134121673 forest
2 28 0.9392248352876961 desert
3 28 0.43663734538139864 forest
4 28 0.4014348767933278 hills
5 28 0.8479713020772094 swamp
6 28 0.2479857474687137 plain
7 28 0.288633749397875 forest
0 29 0.6764940675642 arctic
1 29 0.4440707415312234 tundra
2 29 0.20776169195459282 tundra
3 29 0.9897386331408969 swamp
4 29 0.6478274643708533 mountains
5 29 0.5891805113403503 plain
6 29 0.7490408564285803 plain
7 29 0.49100086572963664 plain
0 30 0.5516564584500695 mountains
1 30 0.18773742979689656 tundra
2 30 0.2737759760135232 mountains
3 30 0.09510513779530583 plain
4 30 0.13816862360209392 desert
5 30 0.23005662186124098 hills
6 30 0.9645381980679388 jungle
7 30 0.40648122801072306 plain
0 31 0.5211947252555701 plain
1 31 0.10163298969057477 tundra
2 31 0.1924397190426319 arctic
3 31 0.3122140703725883 arctic
4 31 0.543135074688191 forest
5 31 0.7083050588111175 arctic
6 31 0.8875115434051232 hills
7 31 0.047503407970016176 arctic
8 24 0.09544074930391522 desert
9 24 0.29660617715389326 swamp
10 24 0.3977456881580399 tundra
11 24 0.48089957691888563 swamp
12 24 0.8515651955412705 plain
13 24 0.06403677682737119 forest
14 24 0.7726573511849495 plain
15 24 0.7011915294967046 swamp
8 25 0.40782446406096207 hills
9 25 0.6673048205009265 tundra
10 25 0.38178505721384226 plain
11 25 0.3296154877464682 plain
12 25 0.09288673607329845 arctic
13 25 0.0704192364011268 jungle
14 25 0.08221915859791451 jungle
15 25 0.002967724187135312 arctic
8 26 0.7667467423380455 hills
9 26 0.014281050893005798 arctic
10 26 0.6193091586223266 plain
11 26 0.7873116060381163 swamp
12 26 0.5885886900029912 jungle
13 26 0.3998171128775434 tundra
14 26 0.4498024291669078 hills
15 26 0.263114741665604 forest
8 27 0.6979029670843215 swamp
9 27 0.9687042325529005 swamp
10 27 0.9027061212236415 hills
11 27 0.31642909478222425 plain
12 27 0.009601973351186954 desert
13 27 0.3929431783213537 swamp
14 27 0.991295203559783 jungle
15 27 0.856725668095166 jungle
8 28 0.6369294747222874 jungle
9 28 0.9648168888704822 jungle
10 28 0.4111249692470268 arctic
11 28 0.1568226981111358 mountains
12 28 0.02509730772453922 desert
13 28 0.15613445003012272 plain
14 28 0.8959423585207402 jungle
15 28 0.3468868474828506 mountains
8 29 0.3796904199633354 swamp
9 29 0.33560733413493826 hills
10 29 0.4959676160993963 mountains
11 29 0.343552526860584 desert
12 29 0.24154151245856625 forest
13 29 0.6243099812594972 hills
14 29 0.7904508941106893 hills
15 29 0.7314735989913317 forest
8 30 0.34897089044868146 hills
9 30 0.17801349385790277 plain
10 30 0.7515370944751204 desert
11 30 0.3379570322543852 arctic
12 30 0.14566026172159297 plain
13 30 0.3309599178391466 desert
14 30 0.07575138183168428 plain
15 30 0.7407270581145962 swamp
8 31 0.17757629356741478 swamp
9 31 0.4876580552485379 plain
10 31 0.8708419557317816 swamp
11 31 0.7720072794731008 mountains
12 31 0.5513068818964907 mountains
13 31 0.3851657238218481 plain
14 31 0.7364156704929771 hills
15 31 0.6856123875867721 desert
16 24 0.7705202735509289 mountains
17 24 0.5320984249611869 plain
18 24 0.42975194164952846 hills
19 24 0.7655355368680652 swamp
20 24 0.11550621067697853 forest
21 24 0.02892879534552517 swamp
22 24 0.3650335114044885 mountains
23 24 0.5855848297456335 mountains
16 25 0.01897814205876669 tundra
17 25 0.7202637727848884 desert
18 25 0.6900948527327322 arctic
19 25 0.2510853821440815 arctic
20 25 0.6474488546919719 swamp
21 25 0.7517100246591393 mountains
22 25 0.7877442989769571 jungle
23 25 0.8685680320706415 plain
16 26 0.33479547847081026 swamp
17 26 0.544157432763908 arctic
18 26 0.3792582890405183 swamp
19 26 0.8365341195239528 tundra
20 26 0.9959560366559033 swamp
21 26 0.3283562387498892 jungle
22 26 0.5466798769217597 tundra
23 26 0.6054342272265628 forest
16 27 0.8683611315500968 desert
17 27 0.424739715536801 forest
18 27 0.17422245991969654 tundra
19 27 0.6785647485170903 plain
20 27 0.08768990315538727 tundra
21 27 0.9304392155248291 hills
22 27 0.08247828241973931 swamp
23 27 0.7714011490351562 hills
16 28 0.8293197680414881 hills
17 28 0.6354748766284343 desert
18 28 0.32789935219005395 hills
19 28 0.7871328875735584 desert
20 28 0.8827313982495631 tundra
21 28 0.011016476758153648 desert
22 28 0.14725545901767945 jungle
23 28 0.5905242128074899 plain
16 29 0.3753352894661889 jungle
17 29 0.7622617276363238 arctic
18 29 0.38528877067321343 jungle
19 29 0.49345392535986843 forest
20 29 0.7989884221463099 hills
21 29 0.21622195093564434 arctic
22 29 0.7712495046944355 forest
23 29 0.8420625599549093 jungle
16 30 0.6922606011871247 forest
17 30 0.8078950541656338 tundra
18 30 0.5597905088719175 plain
19 30 0.4062712912421572 plain
20 30 0.515509871831421 mountains
21 30 0.8788877287638078 mountains
22 30 0.5771213322682337 hills
23 30 0.09262615754613368 arctic
16 31 0.7657134431725373 tundra
17 31 0.4410587420330899 plain
18 31 0.26967299997702765 tundra
19 31 0.3564060014389433 plain
20 31 0.6547061820489293 swamp
21 31 0.5941972168175125 arctic
22 31 0.9419112280550729 forest
23 31 0.35410442219705784 swamp
24 24 0.3068117481472602 forest
25 24 0.6534174713135623 desert
26 24 0.7809292929383179 desert
27 24 0.6141632674630388 arctic
28 24 0.6503615656211361 desert
29 24 0.006192683602193605 arctic
30 24 0.555929460008476 hills
31 24 0.3475958600080815 forest
24 25 0.34197167865300215 tundra
25 25 0.2728281260557376 plain
26 25 0.6108435617043191 mountains
27 25 0.6126058177786029 desert
28 25 0.9222476219898357 forest
29 25 0.29241028174700545 jungle
30 25 0.7802747664976878 tundra
31 25 0.5172974090815322 tundra
24 26 0.820980429915463 desert
25 26 0.702214752743462 swamp
26 26 0.2382489745954488 arctic
27 26 0.13005626810560367 plain
28 26 0.5009411563427443 tundra
29 26 0.056128734256438495 forest
30 26 0.7153187947908554 arctic
31 26 0.6685613915100564 mountains
24 27 0.06689966025613359 forest
25 27 0.4987011632333631 hills
26 27 0.25995611979299016 hills
27 27 0.2607999156749361 forest
28 27 0.22451130224143412 desert
29 27 0.9204738896046677 mountains
30 27 0.22031207276726938 jungle
31 27 0.7623331224265099 jungle
24 28 0.4045746135573377 plain
25 28 0.9428792733154283 tundra
26 28 0.9853879458931525 plain
27 28 0.7775214199127489 plain
28 28 0.8670569201380759 plain
29 28 0.5610458914892626 forest
30 28 0.13208263585535196 hills
31 28 0.7833513906522509 forest
24 29 0.8316240950206351 forest
25 29 0.08174724399032351 mountains
26 29 0.6771499194910601 tundra
27 29 0.5182370973121577 jungle
28 29 0.8922160111715487 jungle
29 29 0.18489248049852525 desert
30 29 0.9279693285911534 arctic
31 29 0.07483473514684336 forest
24 30 0.25583682713576117 tundra
25 30 0.2911790609320788 plain
26 30 0.8267562216455543 mountains
27 30 0.13650859442001873 jungle
28 30 0.9605815623968288 arctic
29 30 0.4665137665604856 mountains
30 30 0.11141136764375725 arctic
31 30 0.4739489757069165 forest
24 31 0.7989737909793336 desert
25 31 0.8579251721565319 tundra
26 31 0.9655124377102267 jungle
27 31 0.7149377377730893 jungle
28 31 0.6910235775784975 jungle
29 31 0.44089792828117236 hills
30 31 0.820194218461659 arctic
31 31 0.7480559457601221 tundra
